10
7
5
0.633509372	0.3635522	0.231449419	0.754786721	0.630489164	0.401677509	0.623331926	0.631723046	0.108081185	0.977597597
0.583862512	0.576858365	0.559668906	0.88313335	0.48787698	0.284018347	0.751670119	0.315014872	0.792669956	0.885189638
0.802072825	0.143290443	0.12748707	0.909042808	0.748202803	0.665839735	0.739756211	0.122953949	0.482686867	0.012760688
0.792300359	0.280153647	0.375240647	0.971628761	0.726413057	0.901864044	0.934016667	0.725161201	0.32219306	0.388274244
0.912722716	0.930963673	0.754829772	0.446796797	0.255611321	0.382755876	0.842993217	0.075260836	0.135690527	0.005753643
0.102910069	0.818516646	0.101980614	0.884809348	0.025453633	0.411979093	0.811328307	0.387927544	0.816243452	0.846295397
0.533814907	0.275076523	0.76620467	0.450840776	0.074444666	0.258514414	0.854803619	0.492233658	0.149290998	0.875635752
0.240389226	0.580068611	0.590609927	0.765407471	0.281901932	0.042041382	0.550744404
0.371684761	0.974913098	0.085103369	0.461813279	0.940275949	0.971054553	0.353789241
0.164367342	0.105698939	0.390576698	0.271988179	0.995765164	0.410514505	0.367276421
0.054312918	0.141935458	0.491660194	0.630219976	0.934366173	0.168503445	0.318362378
0.370232544	0.833082843	0.787178542	0.425860711	0.21442722	0.030326664	0.731712519
